419.7272727
703.5
705.1392405
707.2777778
771.2
810.0625
895
896.1666667
913.8
926.1666667
932.3636364
934.6976744
944.75
953.3636364
963.4666667
1002.625
1017.272727
1021.880952
1023.75
1053.425926
1055.875
1070.685185
1083.940299
1094.210526
1094.775
1098.233333
1116.1
1116.5
1127.727273
1135.941176
1143.666667
1156.3
1179.861111
1192.90625
1225.533333
1226.568627
1227.289855
1234.871795
1238.727273
1240.466667
1241.769231
1242.473684
1261.844828
1262.230769
1266.703704
1268.12
1272.615385
1274.034483
1276.365385
1280.526316
1291.363636
1292.142857
1294.666667
1303.035714
1315.448276
1340.215686
1342.75
1405
1410.416667
1432.666667
1450.666667
1687
