0.041666667
0.0625
0.136363636
0.2
0.25
0.25
0.266666667
0.294117647
0.333333333
0.333333333
0.352941176
0.357142857
0.375
0.407407407
0.4375
0.4375
0.444444444
0.454545455
0.5
0.5
0.5
0.5
0.526315789
0.625
0.625
0.62962963
0.652173913
0.666666667
0.666666667
0.75
0.75
0.777777778
0.777777778
0.785714286
0.8
0.8125
0.857142857
0.875
0.88
0.888888889
1.090909091
1.2
1.25
1.285714286
1.333333333
1.4
1.4
1.428571429
1.5
1.666666667
1.666666667
1.727272727
1.75
2
2.05
2.454545455
2.5
2.5
2.6
3
6
6.4
