0.08
0.3
0.5
3.16
3.454545455
3.8
4
4.861111111
5.066666667
6.753623188
6.784615385
7.3125
7.377777778
7.807692308
7.824561404
10.5
10.70588235
10.7826087
12.12
12.22580645
12.66666667
12.90909091
13.9375
14.07692308
14.2
14.78787879
15.85714286
17.33333333
17.92857143
18.40322581
19.14
19.51111111
20.08333333
20.39130435
20.6875
21.90625
22.44897959
24.97959184
25.15384615
27.92307692
28.73684211
32.8
32.81081081
33.21428571
35.69811321
35.91666667
36.16666667
40.7173913
41.31578947
43.13461538
44.3255814
48.44680851
49.72727273
60
60.82352941
62.84210526
66.17021277
80.16666667
84.61111111
89.52173913
165.9375
250.25
