327.8181818
646.7627119
705.7272727
740.5
748.4642857
788.0857143
846.6315789
873.0172414
893.28
972.7073171
975.2857143
1002.3125
1006.333333
1022.444444
1023.625
1028.260274
1031.75
1035.666667
1058.941176
1061.272727
1061.6
1061.944444
1068.540541
1076.80303
1082.818182
1083
1086
1092.62
1094.625
1097.893617
1100.333333
1100.810811
1107.789474
1109.357143
1112
1117.571429
1130.045455
1133.0625
1141.283019
1145.842105
1156.947368
1173.521739
1179.104478
1181.47619
1188.78125
1196.6875
1197.28125
1200.689655
1217.826087
1218.708333
1233.78125
1234.642857
1246.6
1304.416667
1307.466667
1322.130435
1342.416667
1367.911111
1451.117647
1457.666667
1586.666667
1640.833333
