0.210526316
0.227272727
0.285714286
0.3
0.307692308
0.333333333
0.388888889
0.409090909
0.411764706
0.434782609
0.4375
0.444444444
0.466666667
0.466666667
0.466666667
0.5
0.53125
0.5625
0.578947368
0.590909091
0.592592593
0.6
0.6
0.608695652
0.615384615
0.64
0.642857143
0.666666667
0.68
0.736842105
0.744680851
0.75
0.75
0.755102041
0.76
0.806451613
0.807017544
0.823529412
0.84375
0.928571429
0.930555556
0.935483871
0.94
0.944444444
0.96
0.961538462
1
1
1
1.047619048
1.055555556
1.086956522
1.088888889
1.094339623
1.102040816
1.170212766
1.188405797
1.209302326
1.261538462
1.297297297
1.430769231
1.630434783
