6.311111111
6.666666667
7.575757576
9.928571429
10.10526316
12.82142857
13.46774194
13.61290323
13.86486486
13.93333333
14.04615385
14.33333333
14.76666667
15.30769231
15.33333333
15.36
15.68115942
16.02777778
16.23076923
16.35087719
16.69565217
16.94444444
17.27659574
17.4
17.625
17.9787234
18.51020408
19.04545455
19.17391304
19.24
19.3
19.41509434
19.57692308
19.69387755
20.3
20.46875
20.81818182
21.08
21.16
23.03703704
23.26315789
23.44444444
23.53333333
23.56521739
23.625
24.31818182
24.34883721
24.5625
24.63333333
24.82608696
25.9375
26.44
27
28.05263158
28.16666667
28.34615385
29.47058824
31.375
32.57142857
35.35714286
39.46153846
61.83333333
