0.241458867
0.334805591
0.150727744
0.224542548
0.199153714
0.333372317
0.369781273
0.308227493
0.378130079
0.401655692
0.237303452
0.086638146
0.394892482
0.276438451
0.437600509
0.142510378
0.291285072
0.057052083
0.221285432
0.380719188
0.501782953
0.188400033
0.28776254
0.315032543
0.228259748
0.283932565
0.247875492
0.18565949
0.341870669
0.266097085
0.329322819
0.13939129
0.184317331
0.376388789
0.19812566
0.199638086
0.427718041
0.287956214
0.313947209
0.170364451
0.609225347
0.218724687
0.176043944
0.369034734
0.397779875
0.196021439
0.20772009
0.231388813
0.456029012
0.279787432
0.19718207
0.182996516
0.16150836
0.312539054
0.353877393
0.2290774
0.194724444
0.392619051
0.332712996
0.182424217
0.259532652
0.284096333
