0.307692308
0.545454545
0.56
0.627118644
0.684210526
0.696969697
0.769230769
0.78125
0.818181818
0.851851852
0.875
0.892857143
0.928571429
0.942857143
0.943396226
0.95
1
1
1
1.044444444
1.048780488
1.058823529
1.06122449
1.08
1.131147541
1.160714286
1.161290323
1.166666667
1.181818182
1.181818182
1.204545455
1.214285714
1.230769231
1.230769231
1.25
1.272727273
1.285714286
1.307692308
1.357142857
1.357142857
1.361111111
1.4
1.424242424
1.44
1.451612903
1.466666667
1.470588235
1.484848485
1.533333333
1.55
1.571428571
1.6
1.642857143
1.666666667
1.675675676
1.75
2
2
2.083333333
2.111111111
2.461538462
2.8125
